
**************** NEW HOME ****************
(1, 1, -1)
(1, 1, -1)
(0, 'bathroom', -1)
(1, 0, -1)
(2, ('kitchen', 0), tensor([[0, 7]]))
(1, 1, -1)
(0, 'stop', -1)

**************** NEW HOME ****************
(1, 1, -1)
(1, 1, -1)
(1, 1, -1)
(1, 1, -1)
(1, 1, -1)
(1, 1, -1)
(1, 1, -1)
(0, 'stop', -1)

**************** NEW HOME ****************
(1, 1, -1)
(1, 1, -1)
(1, 1, -1)
(1, 1, -1)
(1, 1, -1)
(1, 1, -1)
(1, 1, -1)
(0, 'bathroom', -1)
(1, 0, -1)
(2, ('living_room', 0), tensor([[1, 4]]))
(1, 0, -1)
(2, ('bedroom', 0), tensor([[0, 6]]))
(1, 0, -1)
(2, ('bathroom', 0), tensor([[1, 3]]))
(1, 1, -1)
(0, 'closet', -1)
(1, 0, -1)
(2, ('corridor', 1), tensor([[0, 2]]))
(1, 0, -1)
(2, ('closet', 0), tensor([[0, 0]]))
(1, 1, -1)
(0, 'stop', -1)

**************** NEW HOME ****************
(1, 1, -1)
(1, 1, -1)
(1, 1, -1)
(1, 1, -1)
(1, 1, -1)
(1, 1, -1)
(1, 1, -1)
(0, 'stop', -1)

**************** NEW HOME ****************
(1, 1, -1)
(1, 1, -1)
(1, 1, -1)
(1, 1, -1)
(1, 1, -1)
(1, 1, -1)
(1, 1, -1)
(1, 1, -1)
(1, 1, -1)
(0, 'stop', -1)

**************** NEW HOME ****************
(1, 1, -1)
(1, 1, -1)
(1, 1, -1)
(1, 1, -1)
(1, 1, -1)
(1, 1, -1)
(0, 'stop', -1)

**************** NEW HOME ****************
(1, 1, -1)
(1, 1, -1)
(1, 1, -1)
(1, 1, -1)
(1, 1, -1)
(1, 1, -1)
(1, 1, -1)
(1, 1, -1)
(1, 1, -1)
(1, 1, -1)
(1, 1, -1)
(1, 1, -1)
(1, 1, -1)
(1, 1, -1)
(0, 'corridor', -1)
(1, 0, -1)
(2, ('corridor', 0), tensor([[1, 0]]))
(1, 0, -1)
(2, ('corridor', 2), tensor([[0, 0]]))
(1, 0, -1)
(2, ('exterior_wall', 0), tensor([[0, 2]]))
(1, 1, -1)
(0, 'bedroom', -1)
(1, 0, -1)
(2, ('bedroom', 2), tensor([[0, 4]]))
(1, 0, -1)
(2, ('bathroom', 2), tensor([[1, 6]]))
(1, 0, -1)
(2, ('bathroom', 4), tensor([[0, 6]]))
(1, 0, -1)
(2, ('bedroom', 1), tensor([[0, 0]]))
(1, 0, -1)
(2, ('exterior_wall', 2), tensor([[1, 2]]))
(1, 1, -1)
(0, 'bathroom', -1)
(1, 0, -1)
(2, ('corridor', 0), tensor([[1, 4]]))
(1, 0, -1)
(2, ('bathroom', 0), tensor([[0, 4]]))
(1, 0, -1)
(2, ('bathroom', 6), tensor([[1, 0]]))
(1, 1, -1)
(0, 'stop', -1)

**************** NEW HOME ****************
(1, 1, -1)
(1, 1, -1)
(1, 1, -1)
(1, 1, -1)
(1, 1, -1)
(1, 1, -1)
(1, 1, -1)
(1, 1, -1)
(1, 1, -1)
(0, 'stop', -1)

**************** NEW HOME ****************
(1, 1, -1)
(1, 1, -1)
(1, 1, -1)
(1, 1, -1)
(1, 1, -1)
(1, 1, -1)
(1, 1, -1)
(0, 'bathroom', -1)
(1, 0, -1)
(2, ('bathroom', 1), tensor([[0, 4]]))
(1, 0, -1)
(2, ('exterior_wall', 3), tensor([[0, 0]]))
(1, 1, -1)
(0, 'closet', -1)
(1, 0, -1)
(2, ('kitchen', 0), tensor([[0, 4]]))
(1, 0, -1)
(2, ('closet', 0), tensor([[0, 4]]))
(1, 0, -1)
(2, ('bedroom', 0), tensor([[1, 2]]))
(1, 1, -1)
(0, 'bathroom', -1)
(1, 0, -1)
(2, ('living_room', 0), tensor([[0, 4]]))
(1, 0, -1)
(2, ('exterior_wall', 6), tensor([[0, 7]]))
(1, 1, -1)
(0, 'bathroom', -1)
(1, 0, -1)
(2, ('bathroom', 2), tensor([[1, 6]]))
(1, 0, -1)
(2, ('living_room', 0), tensor([[1, 4]]))
(1, 0, -1)
(2, ('kitchen', 0), tensor([[0, 3]]))
(1, 0, -1)
(2, ('exterior_wall', 7), tensor([[0, 0]]))
(1, 1, -1)
(0, 'stop', -1)

**************** NEW HOME ****************
(1, 1, -1)
(1, 1, -1)
(1, 1, -1)
(0, 'balcony', -1)
(1, 0, -1)
(2, ('exterior_wall', 0), tensor([[0, 0]]))
(1, 1, -1)
(0, 'bathroom', -1)
(1, 0, -1)
(2, ('kitchen', 0), tensor([[1, 3]]))
(1, 0, -1)
(2, ('balcony', 1), tensor([[0, 0]]))
(1, 0, -1)
(2, ('exterior_wall', 2), tensor([[0, 6]]))
(1, 1, -1)
(0, 'bathroom', -1)
(1, 0, -1)
(2, ('bathroom', 1), tensor([[0, 6]]))
(1, 0, -1)
(2, ('balcony', 1), tensor([[0, 7]]))
(1, 0, -1)
(2, ('kitchen', 0), tensor([[1, 4]]))
(1, 0, -1)
(2, ('bathroom', 0), tensor([[0, 2]]))
(1, 0, -1)
(2, ('exterior_wall', 5), tensor([[1, 0]]))
(1, 1, -1)
(0, 'bedroom', -1)
(1, 0, -1)
(2, ('kitchen', 0), tensor([[1, 6]]))
(1, 0, -1)
(2, ('bathroom', 0), tensor([[0, 6]]))
(1, 0, -1)
(2, ('balcony', 0), tensor([[1, 2]]))
(1, 1, -1)
(0, 'stop', -1)
